3675356291270936
1626187920237592
2897361293194784
5036106320615547
6569374525474430
7868843149206892
6649504871727226
1061594909177115
9776736563948129
3908850963856115
9848103044447631
7596217857418597
5388318964333860
4888977643030925
4059469224775481
2893680210511085
5646258628472406
2990813110340391
9693380566400462
6756987282996027
6132159914910758
7048042961042220
5529028380409196
2544993605029435
1743146942264128
8928886838333804
7689068790333732
6526587960410487
9862479392830178
9154925749945935
7081997825349020
1962120731190567
7406474858260664
6289607010137726
4520290994510378
8604676097597853
3837937874190988
5843713809799324
3712202175174171
1170408516621964
8081022975646379
7491706085394154
1554983852227034
6363344397258902
4765713338510876
3508041135934150
8356599076376150
6508122691042740
3280370034927425
2443860892231834
2245175716981333
7986704848168521
9960649908931489
6773712215090401
3741130321756542
2172416578592736
4797221630215650
2346602589506083
7821058550738230
7776911908988037
1692177976271588
4565684883875245
2573272134941957
4122162022974356
1403127798107601
7251971312068749
2445912896064094
5466399521309913
4585733895538603
3618705110300454
2499949816393346
1561722928124786
3772372537681364
8358509980249012
8063908387310050
3180179103594846
9290303379499194
2065956114372733
9244499383295439
4955739072729050
4179362125391887
6527919636846672
7410064437347217
9568955215991621
7532197682064336
9048512973809231
8741638550126485
6252691331526944
6074379002269035
5871706041302960
9354364319109456
2591774119138749
3138793884008682
3850592685283678
7266297037235178
9416435487335014
5707899394645556
1626992965538673
6026930876524006
8549468323622470